img_56.jpg,(192,178)(461,126)(443,219)(587,321)
img_63.jpg,(333,135)(636,56)(581,171)(637,383)
img_118.jpg,(242,134)(539,161)(540,240)(633,398)
img_120.jpg,(163,132)(479,110)(440,213)(592,304)
img_138.jpg,(192,185)(514,105)(490,213)(588,407)
img_274.jpg,(189,173)(456,160)(490,218)(581,401)
img_275.jpg,(233,139)(558,143)(539,244)(636,364)
img_383.jpg,(134,189)(438,215)(484,224)(589,390)
img_443.jpg,(284,148)(533,171)(533,249)(625,397)
img_444.jpg,(271,159)(532,173)(532,250)(633,387)
img_457.jpg,(261,125)(552,146)(536,246)(629,434)
img_464.jpg,(203,165)(459,117)(437,224)(577,308)
img_573.jpg,(247,134)(534,174)(539,248)(636,419)
img_578.jpg,(197,164)(493,95)(490,213)(608,359)
img_621.jpg,(286,147)(492,270)(536,251)(637,367)
img_632.jpg,(211,173)(456,179)(490,215)(634,449)
img_650.jpg,(196,152)(466,116)(441,221)(562,328)
img_659.jpg,(287,107)(588,97)(585,171)(634,332)
img_661.jpg,(185,170)(465,142)(488,212)(586,355)
img_667.jpg,(147,185)(443,207)(485,221)(617,290)
img_713.jpg,(165,179)(448,210)(494,211)(587,402)
img_717.jpg,(242,148)(543,157)(542,240)(627,421)
img_735.jpg,(335,110)(625,70)(588,164)(630,374)
img_796.jpg,(239,131)(545,178)(575,182)(632,289)
img_1016.jpg,(228,188)(448,165)(484,221)(635,462)
img_1024.jpg,(167,173)(450,197)(491,214)(604,347)
img_1048.jpg,(264,127)(558,144)(541,247)(629,412)
img_1191.jpg,(260,114)(629,81)(586,167)(628,349)
img_1245.jpg,(215,172)(492,101)(491,213)(525,407)
img_1290.jpg,(244,119)(561,141)(577,190)(629,362)
img_1304.jpg,(240,143)(539,157)(540,240)(632,409)
img_1378.jpg,(278,151)(561,143)(534,249)(637,380)
img_1388.jpg,(244,115)(552,153)(577,190)(633,359)
img_1395.jpg,(303,103)(637,78)(587,163)(633,336)
img_1401.jpg,(231,173)(488,105)(497,217)(626,458)
img_1404.jpg,(211,160)(543,164)(534,249)(630,378)
img_1467.jpg,(220,112)(544,155)(591,163)(628,378)
img_1536.jpg,(254,148)(557,154)(533,247)(632,401)
img_1584.jpg,(154,189)(446,175)(489,213)(599,311)
img_1605.jpg,(229,102)(407,210)(444,213)(584,297)
img_1651.jpg,(284,118)(584,105)(583,169)(632,288)
img_1718.jpg,(207,139)(513,208)(533,244)(631,381)
img_1723.jpg,(209,121)(505,209)(534,249)(631,380)
img_1797.jpg,(161,151)(447,201)(489,213)(570,365)
img_1821.jpg,(299,100)(632,49)(585,168)(634,314)
img_1876.jpg,(155,182)(463,118)(442,223)(500,447)
img_2090.jpg,(166,113)(476,109)(442,214)(578,305)
img_2123.jpg,(195,172)(466,152)(487,213)(569,418)
img_2130.jpg,(263,115)(633,78)(582,167)(631,357)
img_2150.jpg,(200,175)(446,148)(443,233)(519,359)
img_2198.jpg,(264,111)(627,66)(585,169)(632,360)
img_2263.jpg,(206,143)(508,211)(539,253)(632,394)
img_2338.jpg,(278,103)(581,106)(584,164)(632,303)
img_2356.jpg,(216,144)(458,124)(443,223)(581,320)
img_2369.jpg,(291,81)(628,72)(587,164)(632,335)
img_2372.jpg,(202,141)(512,214)(533,245)(634,441)
img_2373.jpg,(195,174)(487,101)(491,210)(585,377)
img_2397.jpg,(288,103)(591,87)(582,172)(632,325)
img_2398.jpg,(235,160)(443,195)(480,219)(631,456)
img_2497.jpg,(208,175)(493,97)(489,213)(599,352)
img_2553.jpg,(190,143)(461,148)(489,213)(630,454)
img_2554.jpg,(178,143)(466,151)(491,212)(632,454)
img_2645.jpg,(266,139)(406,223)(441,212)(631,364)
img_2693.jpg,(253,129)(543,181)(578,185)(629,382)
img_2739.jpg,(304,144)(533,176)(533,245)(633,407)
img_2746.jpg,(194,178)(463,144)(492,213)(633,438)
img_2747.jpg,(185,181)(463,153)(488,217)(572,394)
img_2772.jpg,(261,101)(406,191)(443,212)(593,311)
img_3103.jpg,(181,133)(518,195)(533,244)(629,393)
img_3158.jpg,(163,132)(444,135)(438,222)(591,310)
img_3178.jpg,(212,159)(500,91)(490,212)(573,383)
img_3180.jpg,(216,99)(545,141)(584,168)(635,331)
img_3182.jpg,(238,166)(444,147)(439,229)(578,362)
img_3225.jpg,(198,161)(495,97)(490,212)(602,352)
img_3234.jpg,(255,143)(530,169)(533,246)(633,395)
img_3278.jpg,(245,140)(545,154)(538,244)(635,403)
img_3308.jpg,(285,87)(629,81)(587,163)(634,325)
img_3360.jpg,(275,151)(529,176)(535,247)(635,399)
img_3400.jpg,(216,170)(452,160)(483,220)(629,462)
img_3427.jpg,(219,142)(509,213)(535,247)(631,431)
img_3442.jpg,(258,136)(534,180)(537,242)(631,396)
img_3455.jpg,(189,133)(513,190)(531,240)(632,398)
img_3493.jpg,(194,126)(507,209)(531,243)(633,397)
img_3533.jpg,(210,125)(512,201)(533,251)(633,383)
img_3539.jpg,(129,118)(471,102)(439,214)(581,296)
img_3686.jpg,(241,162)(602,191)(534,245)(631,412)
img_3705.jpg,(214,193)(507,90)(490,210)(593,405)
img_3709.jpg,(310,100)(629,74)(588,165)(633,319)
img_3712.jpg,(176,141)(466,133)(489,208)(630,445)
img_3838.jpg,(167,97)(431,168)(440,218)(580,310)
img_3899.jpg,(168,129)(483,103)(442,210)(587,301)
img_3940.jpg,(197,153)(510,204)(534,245)(629,401)
img_4041.jpg,(222,133)(538,167)(532,247)(635,429)
img_4045.jpg,(196,180)(446,151)(438,230)(584,313)
img_4083.jpg,(253,102)(627,66)(581,172)(633,361)
img_4092.jpg,(213,148)(546,166)(533,255)(633,423)
img_4105.jpg,(216,95)(538,134)(588,165)(633,301)
img_4147.jpg,(252,105)(625,73)(586,170)(634,332)
img_4166.jpg,(190,141)(460,150)(495,220)(634,459)
img_4173.jpg,(153,160)(448,202)(487,209)(588,340)
img_4242.jpg,(162,155)(447,190)(483,224)(627,337)
img_4341.jpg,(140,180)(426,225)(485,216)(602,350)
img_4344.jpg,(258,96)(629,85)(583,170)(630,357)
img_4369.jpg,(223,183)(444,165)(486,217)(564,458)
img_4371.jpg,(192,153)(443,196)(484,216)(554,417)
img_4372.jpg,(270,104)(630,61)(585,166)(630,366)
img_4438.jpg,(200,175)(462,165)(488,216)(629,437)
img_4661.jpg,(165,160)(450,200)(487,210)(578,309)
img_4675.jpg,(160,123)(476,119)(440,214)(584,299)
img_4676.jpg,(213,100)(540,146)(586,163)(631,315)
img_4699.jpg,(194,131)(512,180)(536,245)(630,406)
img_4767.jpg,(194,178)(503,93)(487,209)(562,391)
img_4810.jpg,(131,185)(436,204)(485,214)(593,319)
img_4899.jpg,(287,142)(555,147)(530,247)(636,386)
img_4940.jpg,(229,139)(527,169)(536,242)(630,436)
img_4959.jpg,(217,190)(444,159)(484,226)(562,444)
img_5011.jpg,(205,158)(500,87)(488,206)(574,380)
img_5095.jpg,(195,175)(482,110)(489,217)(629,440)
img_5101.jpg,(203,150)(456,121)(441,227)(574,317)
img_5153.jpg,(136,163)(474,123)(485,207)(583,405)
img_5316.jpg,(160,151)(445,192)(493,214)(585,381)
img_5343.jpg,(141,180)(448,196)(489,222)(587,425)
img_5411.jpg,(141,112)(476,112)(441,210)(584,297)
img_5451.jpg,(216,101)(533,144)(587,165)(636,274)
img_5459.jpg,(207,127)(511,203)(540,248)(635,375)
img_5460.jpg,(184,120)(436,146)(440,217)(582,304)
img_5482.jpg,(137,194)(444,194)(493,213)(588,316)
img_5510.jpg,(283,102)(566,132)(582,165)(636,351)
img_5515.jpg,(290,89)(584,98)(584,168)(635,283)
img_5564.jpg,(240,137)(535,169)(536,247)(631,387)
img_5584.jpg,(296,98)(633,84)(586,167)(633,338)
img_5653.jpg,(250,126)(532,181)(538,243)(632,407)
img_5690.jpg,(190,183)(493,95)(490,211)(579,406)
img_5814.jpg,(182,115)(438,145)(442,222)(584,310)
img_5822.jpg,(164,169)(449,203)(489,212)(577,380)
img_5836.jpg,(149,159)(448,186)(494,215)(616,363)
img_5838.jpg,(268,157)(581,137)(531,246)(632,383)
img_5839.jpg,(129,127)(469,104)(444,207)(583,299)
img_5875.jpg,(194,163)(496,97)(492,216)(605,360)
img_5886.jpg,(201,130)(505,206)(532,252)(630,395)
img_5920.jpg,(227,135)(561,141)(540,249)(628,396)
img_5924.jpg,(212,109)(535,140)(586,164)(628,306)
img_5941.jpg,(202,167)(445,144)(439,239)(518,376)
img_5969.jpg,(241,132)(557,148)(536,245)(632,386)
img_5980.jpg,(203,148)(454,122)(440,225)(588,296)
img_6092.jpg,(287,138)(490,266)(534,247)(632,391)
img_6101.jpg,(195,158)(454,134)(439,232)(533,305)
img_6151.jpg,(173,126)(437,139)(440,213)(586,305)
img_6238.jpg,(301,105)(627,66)(582,161)(630,312)
img_6397.jpg,(195,178)(495,96)(491,214)(567,409)
img_6475.jpg,(195,166)(484,106)(491,215)(624,453)
img_6487.jpg,(179,127)(436,136)(440,218)(581,313)
img_6571.jpg,(279,141)(540,163)(534,246)(632,371)
img_6584.jpg,(192,155)(453,127)(442,224)(560,279)
img_6644.jpg,(149,162)(444,188)(488,213)(589,397)
img_6675.jpg,(145,163)(448,196)(488,213)(579,382)
img_6689.jpg,(132,131)(468,103)(442,218)(578,304)
img_6690.jpg,(189,148)(458,152)(490,213)(573,324)
img_6741.jpg,(159,173)(447,200)(493,209)(595,348)
img_6759.jpg,(170,160)(451,201)(490,212)(629,418)
img_6795.jpg,(200,144)(465,152)(487,209)(568,401)
img_6816.jpg,(272,101)(581,100)(586,166)(632,336)
img_6845.jpg,(135,185)(436,175)(488,216)(588,320)
img_6861.jpg,(143,155)(445,194)(495,213)(586,407)
img_6929.jpg,(262,128)(532,175)(535,242)(626,393)
img_6964.jpg,(201,161)(490,103)(491,211)(605,360)
img_6976.jpg,(190,147)(457,122)(441,215)(573,334)
img_7010.jpg,(141,190)(434,226)(489,211)(589,331)
img_7024.jpg,(236,138)(540,171)(534,247)(626,424)
img_7132.jpg,(216,141)(541,168)(532,257)(627,421)
img_7136.jpg,(220,141)(540,164)(533,254)(622,421)
img_7177.jpg,(155,174)(447,198)(493,216)(626,416)
img_7237.jpg,(191,156)(460,114)(443,222)(582,283)
img_7296.jpg,(200,164)(493,102)(491,208)(623,434)
img_7306.jpg,(251,109)(628,86)(580,170)(622,357)
img_7331.jpg,(303,55)(631,79)(588,166)(625,304)
img_7355.jpg,(217,142)(558,148)(531,247)(630,431)
img_7374.jpg,(238,142)(534,179)(534,253)(632,395)
img_7390.jpg,(211,173)(459,154)(495,219)(599,356)
img_7440.jpg,(184,165)(441,191)(487,223)(607,466)
img_7484.jpg,(276,112)(623,83)(583,172)(625,359)
img_7490.jpg,(151,157)(443,183)(487,212)(566,364)
img_7511.jpg,(162,127)(437,148)(444,218)(559,271)
img_7568.jpg,(207,175)(445,148)(439,232)(556,383)
img_7640.jpg,(189,174)(458,159)(490,212)(577,347)
img_7648.jpg,(136,180)(446,217)(484,226)(579,406)
img_7690.jpg,(133,124)(469,103)(439,217)(577,302)
img_7736.jpg,(178,171)(489,99)(488,215)(604,341)
img_7760.jpg,(177,131)(427,165)(442,219)(588,302)
img_7779.jpg,(150,150)(447,187)(491,214)(581,381)
img_7782.jpg,(219,136)(540,168)(533,247)(622,417)
img_7810.jpg,(172,118)(437,146)(441,222)(577,309)
img_7847.jpg,(185,120)(440,137)(438,224)(586,310)
img_7915.jpg,(198,182)(509,93)(488,209)(598,387)
img_8011.jpg,(159,153)(442,196)(489,215)(583,371)
img_8020.jpg,(190,150)(456,162)(488,216)(583,415)
img_8050.jpg,(268,96)(626,79)(584,168)(623,355)
img_8094.jpg,(199,171)(513,113)(490,203)(622,454)
img_8131.jpg,(197,170)(455,144)(525,198)(528,121)
img_8142.jpg,(198,164)(491,101)(489,216)(598,355)
img_8247.jpg,(216,129)(509,203)(535,242)(628,373)
img_8261.jpg,(147,156)(446,189)(484,226)(612,290)
img_8286.jpg,(220,99)(529,142)(586,165)(625,296)
img_8327.jpg,(154,147)(429,231)(481,213)(599,321)
img_8432.jpg,(132,180)(445,199)(486,223)(567,445)
img_8443.jpg,(213,142)(541,166)(533,252)(625,379)
img_8469.jpg,(210,153)(434,159)(446,230)(567,361)
img_8495.jpg,(182,141)(456,151)(493,219)(629,458)
img_8509.jpg,(183,189)(489,94)(489,214)(619,446)
img_8521.jpg,(166,150)(443,202)(489,212)(594,397)
img_8552.jpg,(167,168)(449,198)(489,213)(605,314)
img_8553.jpg,(217,143)(541,162)(533,252)(622,421)
img_8576.jpg,(209,90)(410,187)(443,211)(576,282)
img_8619.jpg,(186,185)(461,144)(489,217)(576,393)
img_8633.jpg,(168,123)(435,144)(441,219)(550,298)
img_8763.jpg,(325,61)(632,116)(580,171)(619,314)
img_8780.jpg,(148,151)(443,193)(489,213)(594,395)
img_8802.jpg,(215,142)(547,166)(535,250)(629,431)
img_8838.jpg,(143,153)(444,195)(495,213)(592,399)
img_8852.jpg,(125,126)(472,109)(443,217)(587,299)
img_8862.jpg,(165,169)(445,200)(490,209)(604,344)
img_8930.jpg,(280,95)(584,99)(581,170)(629,312)
img_8964.jpg,(143,182)(442,197)(484,222)(581,342)
img_9083.jpg,(249,128)(546,163)(577,185)(621,375)
img_9084.jpg,(223,181)(446,145)(442,233)(565,355)
img_9096.jpg,(185,128)(453,156)(494,219)(627,454)
img_9111.jpg,(163,141)(435,203)(485,218)(595,280)
img_9204.jpg,(182,154)(457,162)(489,216)(566,343)
img_9234.jpg,(281,103)(621,104)(588,166)(625,319)
img_9276.jpg,(217,95)(537,146)(586,170)(625,291)
img_9277.jpg,(175,160)(448,192)(490,206)(584,308)
img_9325.jpg,(137,132)(475,99)(438,216)(587,302)
img_9355.jpg,(230,137)(547,155)(535,247)(626,391)
img_9369.jpg,(173,148)(422,230)(482,215)(592,335)
img_9405.jpg,(201,178)(511,110)(490,210)(588,409)
img_9410.jpg,(326,59)(626,120)(583,168)(627,344)
img_9430.jpg,(204,169)(439,147)(439,233)(530,356)
img_9539.jpg,(231,131)(536,186)(576,187)(618,290)
img_9563.jpg,(150,150)(445,188)(492,215)(596,371)
img_9637.jpg,(160,112)(472,110)(445,211)(581,306)
img_9720.jpg,(191,154)(462,151)(487,209)(570,334)
img_9723.jpg,(247,145)(529,179)(533,246)(624,447)
img_9728.jpg,(236,137)(527,185)(535,248)(629,388)
img_9759.jpg,(203,139)(531,173)(529,252)(627,364)
img_9822.jpg,(148,197)(437,192)(484,215)(588,326)
img_9835.jpg,(232,129)(570,142)(531,243)(626,397)
img_9848.jpg,(148,153)(426,228)(486,212)(615,346)
img_9874.jpg,(146,161)(431,213)(482,217)(588,295)
img_10000.jpg,(140,164)(442,195)(488,226)(619,338)
img_10052.jpg,(150,122)(478,110)(438,217)(581,297)
img_10117.jpg,(197,173)(469,139)(489,219)(584,358)
img_10156.jpg,(187,176)(442,153)(442,231)(527,380)
img_10198.jpg,(191,163)(517,106)(486,207)(620,446)
img_10202.jpg,(260,105)(628,88)(581,166)(623,356)
img_10274.jpg,(202,171)(530,172)(537,257)(618,382)
img_10288.jpg,(266,150)(587,164)(529,253)(625,414)
img_10318.jpg,(200,172)(490,93)(487,212)(589,344)
img_10343.jpg,(201,183)(456,166)(493,212)(623,441)
img_10349.jpg,(221,166)(446,147)(441,230)(568,339)
img_10388.jpg,(202,135)(500,206)(535,243)(628,399)
img_10406.jpg,(237,131)(550,160)(576,191)(629,349)
img_10435.jpg,(136,199)(436,176)(486,215)(587,302)
img_10510.jpg,(209,155)(546,170)(531,255)(625,442)
img_10516.jpg,(147,120)(475,97)(441,210)(578,302)
img_10620.jpg,(219,153)(441,190)(483,224)(627,457)
img_10638.jpg,(209,148)(544,169)(533,249)(623,415)
img_10657.jpg,(191,140)(525,173)(531,236)(629,407)
img_10760.jpg,(147,182)(447,196)(482,223)(566,448)
img_10773.jpg,(222,142)(545,179)(573,188)(624,300)
img_10847.jpg,(256,171)(440,153)(441,234)(608,356)
img_11050.jpg,(218,137)(546,171)(531,253)(629,402)
img_11087.jpg,(189,179)(464,141)(489,213)(584,432)
img_11109.jpg,(222,168)(553,169)(535,252)(627,405)
img_11136.jpg,(137,188)(463,149)(484,219)(587,449)
img_11171.jpg,(222,167)(547,171)(531,257)(626,426)
img_11197.jpg,(216,175)(444,179)(484,212)(591,465)
img_11239.jpg,(334,88)(629,84)(587,164)(629,366)
img_11309.jpg,(152,158)(518,177)(489,223)(592,406)
img_11360.jpg,(143,164)(441,196)(488,211)(597,391)
img_11398.jpg,(244,146)(550,151)(542,238)(630,409)
img_11431.jpg,(188,128)(521,183)(532,239)(620,381)
img_11505.jpg,(166,171)(453,203)(493,212)(601,327)
img_11526.jpg,(282,106)(628,73)(579,173)(627,360)
img_11581.jpg,(196,167)(465,146)(489,213)(576,340)
img_11616.jpg,(214,102)(548,149)(583,172)(626,318)
img_11634.jpg,(175,156)(486,105)(489,208)(629,458)
img_11747.jpg,(149,163)(438,205)(482,215)(582,302)
img_11748.jpg,(166,151)(430,210)(480,209)(596,343)
img_11759.jpg,(140,185)(435,219)(487,213)(588,319)
img_11781.jpg,(260,116)(628,83)(583,171)(629,330)
img_11808.jpg,(212,132)(502,220)(534,245)(631,373)
img_11830.jpg,(272,104)(625,69)(587,173)(628,349)
img_11842.jpg,(242,124)(556,157)(578,183)(626,342)
img_11871.jpg,(179,123)(443,145)(440,218)(590,303)
img_11892.jpg,(156,163)(448,171)(484,214)(553,370)
img_11953.jpg,(204,167)(499,98)(490,214)(594,359)
img_11972.jpg,(258,166)(582,167)(536,247)(630,398)
img_12126.jpg,(152,192)(433,210)(489,212)(583,319)
img_12150.jpg,(299,109)(628,70)(590,171)(631,369)
img_12211.jpg,(135,185)(434,214)(486,214)(587,316)
img_12273.jpg,(209,183)(494,98)(492,211)(597,350)
img_12289.jpg,(237,96)(404,187)(439,214)(581,293)
img_12293.jpg,(207,167)(440,188)(486,217)(630,459)
img_12301.jpg,(272,119)(625,85)(586,164)(627,334)
img_12314.jpg,(189,131)(463,144)(492,220)(629,447)
img_12370.jpg,(246,132)(547,159)(540,238)(630,403)
img_12442.jpg,(138,119)(440,108)(462,226)(482,149)
img_12538.jpg,(261,166)(627,84)(588,167)(626,357)
img_12550.jpg,(224,162)(457,182)(492,216)(625,449)
img_12574.jpg,(178,162)(481,106)(490,211)(631,457)
img_12624.jpg,(179,120)(435,150)(445,221)(577,310)
img_12644.jpg,(268,101)(405,218)(445,213)(600,307)
img_12645.jpg,(316,79)(603,191)(592,154)(627,336)
img_12687.jpg,(192,182)(458,162)(494,215)(631,441)
img_12764.jpg,(192,132)(504,203)(537,246)(627,392)
img_12792.jpg,(162,172)(445,196)(488,215)(627,404)
img_12811.jpg,(171,127)(444,143)(441,216)(565,302)
img_12823.jpg,(216,170)(490,110)(490,217)(627,449)
img_12829.jpg,(257,137)(548,148)(539,230)(629,416)
img_12869.jpg,(203,124)(503,203)(534,247)(628,367)
img_12896.jpg,(225,142)(548,159)(535,256)(631,396)
img_12910.jpg,(321,60)(618,136)(584,171)(623,347)
img_12931.jpg,(208,158)(489,99)(488,215)(627,453)
img_12963.jpg,(199,172)(482,108)(490,224)(621,445)
img_13006.jpg,(213,101)(540,141)(582,167)(633,312)
img_13008.jpg,(225,144)(543,167)(533,264)(628,428)
img_13044.jpg,(221,96)(539,140)(584,164)(631,266)
img_13057.jpg,(226,134)(513,200)(533,248)(626,375)
img_13202.jpg,(225,144)(551,162)(531,262)(624,407)
img_13214.jpg,(169,173)(447,195)(491,212)(587,393)
img_13216.jpg,(146,132)(469,147)(440,216)(570,293)
img_13299.jpg,(278,147)(566,139)(531,248)(625,383)
img_13330.jpg,(216,94)(539,138)(587,162)(631,319)
img_13386.jpg,(181,126)(461,148)(492,220)(605,375)
img_13456.jpg,(163,177)(440,217)(489,215)(597,311)
img_13461.jpg,(256,132)(552,151)(539,247)(632,391)
img_13547.jpg,(272,110)(621,56)(588,167)(631,337)
img_13679.jpg,(256,165)(591,162)(526,249)(630,412)
img_13760.jpg,(156,135)(425,175)(445,220)(282,461)
img_13773.jpg,(241,146)(537,163)(539,251)(633,418)
img_13895.jpg,(306,109)(624,81)(580,174)(628,370)
img_13908.jpg,(207,151)(511,117)(489,205)(630,440)
img_13915.jpg,(229,140)(543,171)(535,262)(623,405)
img_13969.jpg,(197,162)(462,152)(493,216)(599,334)
img_14033.jpg,(141,187)(439,223)(484,227)(583,360)
img_14060.jpg,(160,157)(442,190)(493,211)(595,386)
img_14089.jpg,(244,130)(561,143)(535,250)(629,400)
img_14125.jpg,(241,142)(511,207)(538,245)(625,464)
img_14140.jpg,(196,123)(455,156)(495,217)(630,457)
img_14148.jpg,(246,131)(537,165)(540,243)(625,390)
img_14204.jpg,(176,122)(436,146)(444,219)(590,308)
img_14323.jpg,(274,149)(583,151)(530,245)(628,399)
img_14369.jpg,(303,89)(528,253)(583,166)(626,324)
img_14418.jpg,(226,99)(530,138)(591,164)(632,306)
img_14446.jpg,(291,146)(542,161)(534,254)(631,376)
img_14460.jpg,(210,144)(439,188)(485,218)(581,337)
img_14495.jpg,(256,159)(571,143)(533,238)(631,400)
img_14558.jpg,(198,172)(496,95)(490,210)(599,360)
img_14561.jpg,(220,160)(495,105)(492,216)(520,391)
img_14575.jpg,(194,145)(512,207)(536,244)(632,393)
img_14641.jpg,(206,135)(505,213)(532,249)(629,366)
img_14663.jpg,(166,179)(445,198)(490,211)(622,420)
img_14750.jpg,(245,137)(537,174)(534,248)(628,385)
img_14774.jpg,(197,196)(497,91)(488,210)(596,404)
img_14801.jpg,(238,134)(558,150)(536,240)(628,400)
img_14899.jpg,(199,148)(458,151)(489,220)(578,352)
img_14921.jpg,(253,110)(544,167)(578,181)(631,376)
img_14971.jpg,(209,116)(502,212)(535,243)(630,372)
img_15019.jpg,(142,181)(440,199)(485,217)(591,303)
img_15100.jpg,(163,174)(448,205)(491,213)(580,353)
img_15112.jpg,(171,164)(444,200)(483,228)(622,337)
img_15127.jpg,(251,104)(607,80)(572,186)(627,330)
img_15312.jpg,(228,145)(548,166)(536,251)(630,397)
img_15335.jpg,(226,95)(535,145)(586,168)(629,326)
img_15338.jpg,(185,124)(442,139)(440,223)(584,313)
img_15362.jpg,(253,131)(544,164)(535,250)(631,401)
img_15377.jpg,(299,89)(623,75)(588,168)(633,318)
img_15446.jpg,(206,163)(489,94)(494,217)(630,435)
img_15566.jpg,(218,96)(402,211)(445,212)(565,290)
img_15638.jpg,(259,134)(538,164)(538,240)(628,440)
img_15718.jpg,(179,177)(490,95)(486,212)(627,433)
img_15797.jpg,(327,113)(624,75)(583,173)(629,365)
img_15806.jpg,(185,141)(458,146)(489,221)(628,455)
img_15842.jpg,(264,109)(564,145)(541,243)(631,402)
img_15928.jpg,(185,176)(509,90)(487,216)(593,387)
img_15947.jpg,(269,104)(627,89)(586,169)(632,338)
img_15962.jpg,(147,193)(440,177)(484,215)(590,311)
img_15967.jpg,(193,178)(459,156)(491,214)(622,444)
img_16024.jpg,(182,150)(490,99)(489,211)(630,459)
img_16092.jpg,(197,134)(515,183)(532,241)(628,394)
img_16129.jpg,(198,156)(461,118)(441,224)(569,315)
img_16159.jpg,(221,84)(532,140)(588,169)(632,307)
img_16164.jpg,(176,133)(422,162)(439,219)(575,315)
img_16214.jpg,(217,163)(448,145)(438,231)(516,356)
img_16245.jpg,(202,81)(409,183)(444,219)(533,318)
img_16248.jpg,(232,168)(443,146)(440,230)(594,331)
img_16280.jpg,(293,96)(559,128)(582,171)(628,339)
img_16306.jpg,(220,173)(444,143)(438,236)(521,333)
img_16384.jpg,(180,135)(462,147)(492,220)(628,448)
img_16455.jpg,(137,177)(449,211)(484,229)(578,410)
img_16473.jpg,(290,89)(631,64)(583,170)(629,332)
img_16491.jpg,(277,92)(625,83)(583,172)(628,371)
img_16657.jpg,(147,184)(438,210)(483,214)(583,324)
img_16671.jpg,(149,119)(468,106)(439,208)(582,294)
img_16680.jpg,(282,103)(582,108)(581,171)(628,350)
img_16742.jpg,(206,157)(461,119)(439,227)(578,290)
img_16774.jpg,(232,149)(549,154)(537,232)(626,437)
img_16788.jpg,(284,145)(558,151)(531,250)(621,373)
img_16858.jpg,(239,136)(557,146)(535,248)(631,410)
img_16915.jpg,(262,106)(628,84)(581,170)(631,347)
img_17022.jpg,(206,165)(443,152)(442,230)(491,301)
img_17156.jpg,(193,147)(446,191)(490,230)(628,339)
img_17216.jpg,(147,164)(443,192)(487,223)(631,275)
img_17254.jpg,(278,145)(502,243)(537,246)(629,391)
img_17305.jpg,(254,127)(534,184)(538,245)(631,400)
img_17326.jpg,(184,152)(458,154)(490,218)(627,449)
img_17356.jpg,(142,159)(444,197)(491,219)(587,403)
img_17494.jpg,(251,138)(540,171)(534,246)(626,407)
img_17571.jpg,(211,151)(444,187)(481,217)(625,456)
img_17632.jpg,(276,141)(557,142)(528,248)(630,390)
img_17647.jpg,(244,147)(546,165)(534,254)(628,403)
img_17687.jpg,(137,198)(447,211)(485,229)(567,407)
img_17715.jpg,(167,128)(476,112)(443,209)(582,306)
img_17740.jpg,(277,87)(566,134)(579,167)(629,355)
img_17764.jpg,(255,150)(512,201)(536,247)(625,395)
img_17815.jpg,(269,101)(573,119)(587,176)(636,277)
img_17839.jpg,(166,150)(443,188)(493,219)(579,367)
img_17843.jpg,(215,160)(461,118)(437,223)(575,300)
img_17939.jpg,(233,148)(552,145)(530,251)(633,436)
img_17975.jpg,(162,155)(441,201)(492,213)(585,402)
img_18014.jpg,(190,191)(489,96)(490,216)(605,381)
img_18028.jpg,(147,186)(438,213)(483,212)(586,327)
img_18066.jpg,(221,113)(531,146)(585,164)(631,305)
img_18102.jpg,(209,157)(492,110)(493,208)(631,435)
img_18114.jpg,(237,93)(400,212)(437,210)(589,309)
img_18146.jpg,(248,131)(535,180)(543,237)(633,407)
img_18162.jpg,(164,127)(430,148)(440,220)(562,277)
img_18171.jpg,(178,138)(461,153)(489,218)(575,338)
img_18182.jpg,(211,153)(490,102)(492,215)(593,346)
img_18193.jpg,(187,166)(423,228)(485,213)(593,355)
img_18277.jpg,(185,116)(423,172)(439,221)(582,309)
img_18368.jpg,(208,190)(496,97)(488,219)(579,393)
img_18372.jpg,(160,153)(442,189)(486,223)(623,332)
img_18411.jpg,(237,141)(536,184)(571,191)(622,299)
img_18424.jpg,(236,161)(443,199)(485,225)(631,462)
img_18469.jpg,(198,143)(457,156)(487,215)(627,450)
img_18541.jpg,(324,70)(624,88)(586,167)(631,299)
img_18562.jpg,(201,164)(460,125)(439,225)(564,310)
img_18585.jpg,(208,107)(535,170)(582,163)(630,305)
img_18740.jpg,(171,122)(471,106)(436,213)(578,289)
img_18866.jpg,(224,80)(402,213)(440,215)(573,334)
img_18922.jpg,(213,129)(497,210)(538,250)(629,376)
img_18999.jpg,(270,159)(586,156)(530,242)(631,400)
img_19041.jpg,(184,156)(454,125)(441,218)(571,302)
img_19044.jpg,(247,130)(549,154)(573,184)(631,385)
img_19068.jpg,(174,174)(448,200)(490,214)(621,406)
img_19071.jpg,(200,180)(458,160)(489,213)(626,451)
img_19127.jpg,(182,132)(462,145)(490,214)(523,277)
img_19162.jpg,(272,96)(627,70)(586,168)(625,357)
img_19184.jpg,(205,179)(487,113)(494,217)(583,372)
img_19257.jpg,(207,159)(447,150)(441,228)(555,316)
img_19279.jpg,(152,163)(442,197)(488,212)(587,381)
img_19310.jpg,(198,160)(457,149)(488,216)(569,336)
img_19331.jpg,(261,92)(623,73)(589,166)(627,364)
img_19377.jpg,(176,199)(465,118)(441,220)(498,451)
img_19397.jpg,(284,92)(581,106)(585,171)(626,280)
img_19563.jpg,(241,106)(398,198)(444,219)(567,319)
img_19588.jpg,(295,140)(570,137)(535,245)(630,391)
img_19609.jpg,(288,135)(570,147)(531,253)(631,375)
img_19611.jpg,(150,164)(448,175)(486,214)(562,369)
img_19636.jpg,(223,157)(447,141)(438,230)(535,318)
img_19683.jpg,(210,126)(504,204)(537,249)(629,371)
img_19818.jpg,(278,94)(633,62)(580,169)(629,347)
img_19873.jpg,(223,78)(408,203)(442,216)(554,290)
img_19934.jpg,(265,120)(625,84)(582,175)(628,365)
img_20012.jpg,(232,92)(401,211)(443,213)(590,308)
img_20063.jpg,(305,83)(629,76)(590,164)(629,313)
img_20139.jpg,(282,90)(589,102)(583,175)(631,334)
img_20143.jpg,(232,140)(548,161)(533,251)(630,391)
img_20164.jpg,(218,108)(535,143)(584,169)(629,305)
img_20291.jpg,(293,99)(583,98)(588,162)(636,292)
img_20293.jpg,(207,136)(503,208)(535,245)(629,371)
img_20358.jpg,(250,122)(529,167)(534,242)(628,414)
img_20360.jpg,(263,95)(619,61)(587,170)(634,345)
img_20379.jpg,(201,137)(454,151)(495,217)(627,454)
img_20396.jpg,(206,138)(502,214)(532,250)(628,395)
img_20399.jpg,(159,143)(434,212)(482,218)(593,293)
img_20413.jpg,(202,145)(459,144)(488,211)(573,404)
img_20454.jpg,(156,147)(442,191)(492,217)(587,377)
img_20458.jpg,(164,177)(446,202)(490,213)(621,416)
img_20546.jpg,(226,158)(456,156)(493,214)(628,426)
img_20549.jpg,(195,164)(457,118)(441,223)(572,327)
img_20563.jpg,(209,132)(502,208)(534,252)(621,384)
img_20583.jpg,(200,168)(448,180)(484,222)(594,354)
img_20624.jpg,(220,95)(539,144)(586,169)(629,328)
img_20662.jpg,(194,154)(439,183)(487,218)(607,462)
img_20722.jpg,(206,148)(464,150)(492,217)(592,336)
img_20750.jpg,(216,108)(535,140)(583,164)(625,291)
img_20763.jpg,(288,92)(576,112)(582,170)(628,339)